5 0.28795065321351765 0.6176574156953197 0.024305728130366754 0.056672326151439315
5 0.2882038391542067 0.6717122315763406 0.024305728130366754 0.056672326151439315
5 0.28781048947675214 0.7269382112695224 0.024305728130366754 0.056672326151439315
5 0.2879759718075865 0.7814685663387309 0.024305728130366754 0.056672326151439315
5 0.3135730704112553 0.618051192499751 0.024305728130366754 0.056672326151439315
5 0.3138262563519443 0.6721060083807717 0.024305728130366754 0.056672326151439315
5 0.31322740292646295 0.7274232278089383 0.024305728130366747 0.05667232615143931
5 0.3135983890053241 0.7818623431431618 0.024305728130366754 0.056672326151439315
5 0.18016939826216455 0.5361456171780457 0.024305728130366754 0.056672326151439315
5 0.18042258420285365 0.5902004330590663 0.024305728130366754 0.056672326151439315
5 0.18002923452539918 0.6454264127522482 0.024305728130366754 0.056672326151439315
5 0.18019471685623337 0.6999567678214567 0.024305728130366754 0.056672326151439315
5 0.18015115961638645 0.7531019436215893 0.024786903593463874 0.05670385983810472
5 0.4181787219946171 0.49729143419091876 0.02430572813036715 0.056534309783728816
5 0.4181787219946171 0.5516698830688318 0.02430572813036715 0.056534309783728816
5 0.41808110785420655 0.6059103155790345 0.02430572813036715 0.056534309783728816
5 0.4181787219946172 0.6603758785940343 0.02430572813036715 0.056534309783728816
5 0.4181787219946172 0.7147543274719473 0.02430572813036715 0.056534309783728816
5 0.4180811078542064 0.7689947599821498 0.02430572813036715 0.056534309783728816
5 0.41817872199461725 0.8234603229971497 0.02430572813036715 0.056534309783728816
5 0.41817872199461725 0.8778387718750627 0.02430572813036715 0.056534309783728816
5 0.4180811078542064 0.932079204385265 0.02430572813036715 0.056534309783728816
5 0.44378998785657925 0.4974121575461382 0.02430572813036715 0.056534309783728816
5 0.44378998785657925 0.5517906064240511 0.02430572813036715 0.056534309783728816
5 0.44369237371616876 0.6060310389342537 0.02430572813036715 0.056534309783728816
5 0.4440498366983523 0.6602761622067465 0.02430572813036715 0.056534309783728816
5 0.4440498366983523 0.7146546110846596 0.02430572813036715 0.056534309783728816
5 0.444082146978828 0.7683439442385941 0.02430572813036715 0.056534309783728816
5 0.5487689199328659 0.49722845776071567 0.02430572813036715 0.056534309783728816
5 0.5487689199328659 0.5516069066386288 0.02430572813036715 0.056534309783728816
5 0.5486713057924554 0.6058473391488314 0.02430572813036715 0.056534309783728816
5 0.5741041820057323 0.4972284577607157 0.02430572813036715 0.056534309783728816
5 0.5741041820057323 0.551606906638629 0.02430572813036715 0.056534309783728816
5 0.574006567865322 0.6058473391488316 0.02430572813036715 0.056534309783728816
5 0.5488762954873176 0.6605053990297961 0.02430572813036715 0.056534309783728816
5 0.5488762954873176 0.714883847907709 0.02430572813036715 0.056534309783728816
5 0.5501514691087566 0.7695797344313557 0.02430572813036715 0.056534309783728816
5 0.5742115575601839 0.660505399029796 0.02430572813036715 0.056534309783728816
5 0.5742115575601839 0.7148838479077093 0.02430572813036715 0.056534309783728816
5 0.574006567865322 0.7695797344313563 0.02430572813036715 0.056534309783728816
5 0.5488865452969535 0.8235599339681624 0.02430572813036715 0.056534309783728816
5 0.5488865452969535 0.8779383828460752 0.02430572813036715 0.056534309783728816
5 0.5489693220880216 0.9324991513457338 0.02430572813036715 0.056534309783728816
5 0.5742218073698201 0.8235599339681623 0.02430572813036715 0.056534309783728816
5 0.5742218073698196 0.8779383828460753 0.02430572813036715 0.056534309783728816
5 0.5745644330026611 0.9324991513457338 0.02430572813036715 0.056534309783728816
5 0.6793691505757846 0.4973002849882301 0.02430572813036715 0.056534309783728816
5 0.6793691505757846 0.5516787338661433 0.02430572813036715 0.056534309783728816
5 0.679271536435374 0.605919166376346 0.02430572813036715 0.056534309783728816
5 0.704704412648651 0.4973002849882301 0.02430572813036715 0.056534309783728816
5 0.704704412648651 0.5516787338661434 0.02430572813036715 0.056534309783728816
5 0.7046067985082405 0.6059191663763461 0.02430572813036715 0.056534309783728816
5 0.6794765261302362 0.6605772262573103 0.02430572813036715 0.056534309783728816
5 0.6794765261302362 0.7149556751352235 0.02430572813036715 0.056534309783728816
5 0.6792162293230166 0.7693175620490109 0.02430572813036715 0.056534309783728816
5 0.7048117882031026 0.6605772262573103 0.02430572813036715 0.056534309783728816
5 0.7048117882031026 0.7149556751352238 0.02430572813036715 0.056534309783728816
5 0.7047249116181373 0.7691505622440817 0.02430572813036715 0.056534309783728816
5 0.6791409171314722 0.8236677329536589 0.02430572813036715 0.056534309783728816
5 0.6790228040215754 0.8778791820266423 0.02430572813036715 0.056534309783728816
5 0.6788929772148292 0.9324232505458079 0.02430572813036715 0.056534309783728816
5 0.7048305185340289 0.8777121822217125 0.02430572813036715 0.056534309783728816
5 0.7044644655074896 0.9325902503507376 0.02430572813036715 0.056534309783728816
5 0.809570020575158 0.4973002849882301 0.02430572813036715 0.056534309783728816
5 0.8096773961296099 0.5515269158616617 0.02430572813036715 0.056534309783728816
5 0.8095797819891992 0.6057673483718644 0.02430572813036715 0.056534309783728816
5 0.8349052826480247 0.4973002849882301 0.02430572813036715 0.056534309783728816
5 0.8350126582024759 0.5515269158616619 0.02430572813036715 0.056534309783728816
5 0.8349150440620656 0.6057673483718645 0.02430572813036715 0.056534309783728816
5 0.8097847716840615 0.6604254082528287 0.02430572813036715 0.056534309783728816
5 0.8099028847939583 0.7144698575208827 0.02430572813036715 0.056534309783728816
5 0.8099016661275843 0.7691505622440813 0.02430572813036715 0.056534309783728816
5 0.8351200337569279 0.6604254082528287 0.02430572813036715 0.056534309783728816
5 0.8351200337569279 0.7148038571307425 0.02430572813036715 0.056534309783728816
5 0.834937895983118 0.7689835624391523 0.02430572813036715 0.056534309783728816
5 0.8093417871308458 0.8235007331487292 0.02430572813036715 0.056534309783728816
5 0.8093417871308458 0.8778791820266423 0.02430572813036715 0.056534309783728816
5 0.8346770492037124 0.8235007331487292 0.02430572813036715 0.056534309783728816
5 0.834677049203712 0.8778791820266423 0.02430572813036715 0.056534309783728816
5 0.8093417871308459 0.9321541186287727 0.02430572813036715 0.056534309783728816
5 0.834677049203712 0.9321541186287726 0.02430572813036715 0.056534309783728816
5 0.9399529591981027 0.4971332851833003 0.02430572813036715 0.056534309783728816
5 0.9399422216426581 0.551693915666591 0.02430572813036715 0.056534309783728816
5 0.9397264943923509 0.6056003485669347 0.02430572813036715 0.056534309783728816
5 0.9652882212709696 0.4971332851833003 0.02430572813036715 0.056534309783728816
5 0.9652774837155242 0.5516939156665913 0.02430572813036715 0.056534309783728816
5 0.9650617564652169 0.6056003485669348 0.02430572813036715 0.056534309783728816
5 0.9399314840872125 0.660258408447899 0.02430572813036715 0.056534309783728816
5 0.9400495971971097 0.7143028577159527 0.02430572813036715 0.056534309783728816
5 0.9400483785307355 0.7689835624391514 0.02430572813036715 0.056534309783728816
5 0.9652667461600791 0.6602584084478987 0.02430572813036715 0.056534309783728816
5 0.9652667461600791 0.7146368573258125 0.02430572813036715 0.056534309783728816
5 0.965084608386269 0.7688165626342223 0.02430572813036715 0.056534309783728816
5 0.940079065083481 0.8235007331487287 0.02430572813036715 0.056534309783728816
5 0.940079065083481 0.8778791820266426 0.02430572813036715 0.056534309783728816
5 0.965414327156348 0.8235007331487287 0.02430572813036715 0.056534309783728816
5 0.9654143271563476 0.8778791820266422 0.02430572813036715 0.056534309783728816
5 0.9400790650834812 0.9321541186287725 0.02430572813036715 0.056534309783728816
5 0.9654143271563476 0.9321541186287722 0.02430572813036715 0.056534309783728816
2 0.30076145219933526 0.4042270973689465 0.05961378058043529 0.04946617708558179
2 0.43138238069121465 0.3975766542675448 0.06030428769140766 0.03840137431643958
2 0.5614278865906197 0.39739295448212203 0.06030428769140766 0.03840137431643958
2 0.692163899600995 0.39804382523324816 0.06030428769140766 0.03840137431643958
2 0.8222094055004001 0.4520660975767124 0.06030428769140766 0.03840137431643958
2 0.952485080436795 0.4520660975767124 0.06030428769140766 0.03840137431643958
5 0.41817872199461703 0.44294372647189134 0.02430572813036715 0.056534309783728816
5 0.28820300038900726 0.8353852728913251 0.02430572813036715 0.056534309783728816
5 0.2882030003890072 0.8897637217692383 0.02430572813036715 0.056534309783728816
5 0.31353826246187405 0.8353852728913251 0.02430572813036715 0.056534309783728816
5 0.31353826246187344 0.8897637217692386 0.02430572813036715 0.056534309783728816
5 0.2882030003890075 0.9440386583713692 0.02430572813036715 0.056534309783728816
5 0.31353826246187344 0.9440386583713692 0.02430572813036715 0.056534309783728816
5 0.17979768903571874 0.8726346753538595 0.024305728130366754 0.056672326151439315
5 0.1797541317958717 0.9257798511539925 0.024786903593463874 0.05670385983810472
5 0.4438825107417141 0.8778808037148974 0.02430572813036715 0.056534309783728816
5 0.4437848966013032 0.9321212362251002 0.02430572813036715 0.056534309783728816
5 0.17970292148211883 0.2611351174778567 0.024305728130366754 0.056672326151439315
5 0.17957566273356815 0.3154588882147145 0.024305728130366754 0.056672326151439315
5 0.1797529800899734 0.3696090484845475 0.024305728130366754 0.056672326151439315
5 0.5488332563911562 0.442627894696174 0.02430572813036715 0.056534309783728816
5 0.5741685184640226 0.44262789469617403 0.02430572813036715 0.056534309783728816
5 0.6791271320458411 0.44277811658691596 0.02430572813036715 0.056534309783728816
