5 0.15739477688493678 0.03286213130396642 0.025281026339031315 0.059958976414254524
5 0.18340387806481778 0.03318756667952947 0.025281026339031315 0.05995897641425454
5 0.15693443881095662 0.08688440364743076 0.025281026339031315 0.05995897641425454
5 0.18294353999083757 0.08720983902299384 0.025281026339031315 0.059958976414254544
5 0.15670426977396656 0.14155754674202117 0.025281026339031315 0.059958976414254544
5 0.1827133709538476 0.14188298211758427 0.025281026339031315 0.059958976414254544
5 0.15716460784794672 0.19590525446104856 0.025281026339031315 0.059958976414254544
5 0.18317370902782773 0.1962306898366117 0.025281026339031315 0.059958976414254544
5 0.15739477688493683 0.2496020914289499 0.025281026339031315 0.059958976414254544
5 0.18340387806481787 0.24992752680451288 0.025281026339031315 0.059958976414254544
5 0.15716460784794672 0.3046006698991034 0.025281026339031315 0.059958976414254544
5 0.18317370902782784 0.3049261052746664 0.025281026339031315 0.059958976414254544
5 0.15716460784794672 0.3589483776181307 0.025281026339031315 0.059958976414254544
5 0.1831737090278278 0.3592738129936938 0.025281026339031315 0.059958976414254544
5 0.28767045182133205 0.3589483776181307 0.025281026339031315 0.059958976414254544
5 0.3136795530012131 0.3592738129936938 0.025281026339031315 0.059958976414254544
5 0.28767045182133205 0.3046006698991034 0.025281026339031315 0.059958976414254544
5 0.31367955300121314 0.3049261052746664 0.025281026339031315 0.059958976414254544
5 0.2874402827843419 0.250252962180076 0.025281026339031315 0.059958976414254544
5 0.31344938396422317 0.250578397555639 0.025281026339031315 0.059958976414254544
5 0.28790062085832213 0.19623068983661163 0.025281026339031315 0.059958976414254544
5 0.31390972203820344 0.19655612521217464 0.025281026339031315 0.059958976414254544
5 0.28790062085832213 0.14155754674202123 0.025281026339031315 0.059958976414254544
5 0.31390972203820344 0.14188298211758427 0.025281026339031315 0.059958976414254544
5 0.287670451821332 0.08720983902299384 0.025281026339031315 0.059958976414254544
5 0.31367955300121336 0.08753527439855688 0.025281026339031315 0.059958976414254544
5 0.287900620858322 0.03221126055284038 0.025281026339031315 0.059958976414254544
5 0.31390972203820344 0.032536695928403435 0.025281026339031315 0.059958976414254544
5 0.4179461267577272 0.07581960087828751 0.025281026339031315 0.059958976414254544
5 0.4439552279376086 0.07614503625385055 0.025281026339031315 0.059958976414254544
5 0.4181762957947172 0.1295164378461888 0.025281026339031315 0.059958976414254544
5 0.44418539697459863 0.12984187322175186 0.025281026339031315 0.059958976414254544
5 0.4181762957947172 0.1845150163163423 0.025281026339031315 0.059958976414254544
5 0.4441853969745986 0.18484045169190533 0.025281026339031315 0.059958976414254544
5 0.4179461267577272 0.23951359478649578 0.025281026339031315 0.059958976414254544
5 0.44395522793760844 0.23983903016205887 0.025281026339031315 0.059958976414254544
5 0.41794612675772713 0.2932104317543971 0.025281026339031315 0.059958976414254544
5 0.44395522793760844 0.2935358671299601 0.025281026339031315 0.059958976414254544
5 0.5482218016941223 0.2919086902521449 0.025281026339031315 0.059958976414254544
5 0.5742309028740037 0.29223412562770795 0.025281026339031315 0.059958976414254544
5 0.5486821397681025 0.23886272403536965 0.025281026339031315 0.059958976414254544
5 0.574691240947984 0.23918815941093272 0.025281026339031315 0.059958976414254544
5 0.5484519707311126 0.18321327481409014 0.025281026339031315 0.059958976414254544
5 0.5744610719109938 0.1835387101896532 0.025281026339031315 0.059958976414254544
5 0.5484519707311126 0.12951643784618885 0.025281026339031315 0.059958976414254544
5 0.5744610719109938 0.1298418732217519 0.025281026339031315 0.059958976414254544
5 0.5486821397681028 0.07549416550272452 0.025281026339031315 0.059958976414254544
5 0.5746912409479837 0.07581960087828757 0.025281026339031315 0.059958976414254544
5 0.5486821397681024 0.3469072687222983 0.025281026339031315 0.059958976414254544
5 0.5746912409479839 0.3472327040978616 0.025281026339031315 0.059958976414254544
5 0.6787276456675077 0.2919086902521449 0.025281026339031315 0.059958976414254544
5 0.704736746847389 0.2922341256277079 0.025281026339031315 0.059958976414254544
5 0.6791879837414879 0.23886272403536965 0.025281026339031315 0.059958976414254544
5 0.7051970849213692 0.23918815941093277 0.025281026339031315 0.059958976414254544
5 0.6789578147044978 0.18321327481409014 0.025281026339031315 0.059958976414254544
5 0.704966915884379 0.18353871018965326 0.025281026339031315 0.059958976414254544
5 0.6789578147044978 0.12951643784618885 0.025281026339031315 0.059958976414254544
5 0.704966915884379 0.1298418732217519 0.025281026339031315 0.059958976414254544
5 0.679187983741488 0.07549416550272453 0.025281026339031315 0.059958976414254544
5 0.7051970849213689 0.07581960087828757 0.025281026339031315 0.059958976414254544
5 0.809233489640893 0.29223412562770795 0.025281026339031315 0.059958976414254544
5 0.8352425908207742 0.29255956100327096 0.025281026339031315 0.059958976414254544
5 0.8096938277148733 0.23918815941093263 0.025281026339031315 0.059958976414254544
5 0.8357029288947545 0.23951359478649586 0.025281026339031315 0.059958976414254544
5 0.8094636586778832 0.1835387101896532 0.025281026339031315 0.059958976414254544
5 0.8354727598577643 0.18386414556521624 0.025281026339031315 0.059958976414254544
5 0.8094636586778832 0.12984187322175192 0.025281026339031315 0.059958976414254544
5 0.8354727598577643 0.13016730859731493 0.025281026339031315 0.059958976414254544
5 0.8096938277148733 0.07581960087828757 0.025281026339031315 0.059958976414254544
5 0.8357029288947541 0.0761450362538506 0.025281026339031315 0.059958976414254544
2 0.43098340623388254 0.3919869098656795 0.06099479480237584 0.039377680443127616
2 0.5613741656887729 0.39214962755346106 0.060764625765385674 0.03970311581869069
2 0.8222707691170484 0.3924750629290241 0.06099479480237577 0.04035398656981677
2 0.95258517838004 0.39849561737694034 0.06674902072712839 0.05304596621677526
5 0.9395091645772886 0.2915832548765819 0.025281026339031315 0.059958976414254544
5 0.9655182657571695 0.29190869025214494 0.025281026339031315 0.059958976414254544
5 0.9399695026512687 0.2385372886598065 0.025281026339031315 0.059958976414254544
5 0.9659786038311499 0.2388627240353698 0.025281026339031315 0.059958976414254544
5 0.9397393336142785 0.18288783943852713 0.025281026339031315 0.059958976414254544
5 0.9657484347941596 0.18321327481409017 0.025281026339031315 0.059958976414254544
5 0.9397393336142785 0.12919100247062584 0.025281026339031315 0.059958976414254544
5 0.9657484347941596 0.12951643784618885 0.025281026339031315 0.059958976414254544
5 0.9399695026512687 0.0751687301271615 0.025281026339031315 0.059958976414254544
5 0.9659786038311491 0.07549416550272453 0.025281026339031315 0.059958976414254544
5 0.9399695026512687 0.3465818333467353 0.025281026339031315 0.059958976414254544
5 0.9659786038311495 0.3469072687222983 0.025281026339031315 0.059958976414254544
