5 0.5486820237706062 0.09533152894697207 0.02430572813036715 0.056534309783728816
5 0.5486820237706062 0.1497099778248853 0.02430572813036715 0.056534309783728816
5 0.5740172858434724 0.09533152894697215 0.02430572813036715 0.056534309783728816
5 0.5740172858434724 0.14970997782488552 0.02430572813036715 0.056534309783728816
5 0.5487463602288961 0.040730965882430394 0.02430572813036715 0.056534309783728816
5 0.5740816223017625 0.040730965882430505 0.02430572813036715 0.056534309783728816
5 0.5486820237706062 0.2590255228551803 0.02430572813036715 0.056534309783728816
5 0.5486820237706062 0.31340397173309353 0.02430572813036715 0.056534309783728816
5 0.5740172858434724 0.2590255228551804 0.02430572813036715 0.056534309783728816
5 0.5740172858434724 0.31340397173309387 0.02430572813036715 0.056534309783728816
5 0.5487463602288961 0.20442495979063868 0.02430572813036715 0.056534309783728816
5 0.5740816223017625 0.20442495979063874 0.02430572813036715 0.056534309783728816
5 0.5486820237706064 0.42185637427984424 0.02430572813036715 0.056534309783728816
5 0.5486820237706064 0.4762348231577574 0.02430572813036715 0.056534309783728816
5 0.5740172858434724 0.4218563742798443 0.02430572813036715 0.056534309783728816
5 0.5740172858434724 0.47623482315775767 0.02430572813036715 0.056534309783728816
5 0.5487463602288966 0.36725581121530254 0.02430572813036715 0.056534309783728816
5 0.5740816223017624 0.3672558112153027 0.02430572813036715 0.056534309783728816
5 0.5486820237706064 0.5855503681880525 0.02430572813036715 0.056534309783728816
5 0.5486820237706064 0.6399288170659658 0.02430572813036715 0.056534309783728816
5 0.5740172858434727 0.5855503681880525 0.02430572813036715 0.056534309783728816
5 0.5740172858434727 0.6399288170659659 0.02430572813036715 0.056534309783728816
5 0.5487463602288966 0.530949805123511 0.02430572813036715 0.056534309783728816
5 0.5740816223017624 0.530949805123511 0.02430572813036715 0.056534309783728816
5 0.5487298599732345 0.7485930192182367 0.02430572813036715 0.056534309783728816
5 0.5487298599732345 0.8029714680961493 0.02430572813036715 0.056534309783728816
5 0.5740651220461004 0.7485930192182368 0.02430572813036715 0.056534309783728816
5 0.5740651220461004 0.8029714680961497 0.02430572813036715 0.056534309783728816
5 0.5487941964315247 0.693992456153695 0.02430572813036715 0.056534309783728816
5 0.5741294585043906 0.6939924561536954 0.02430572813036715 0.056534309783728816
5 0.5488479730831312 0.911953013516586 0.02430572813036715 0.056534309783728816
5 0.5488479730831309 0.9663314623944989 0.02430572813036715 0.056534309783728816
5 0.5741832351559973 0.9119530135165858 0.02430572813036715 0.056534309783728816
5 0.5741832351559973 0.9663314623944989 0.02430572813036715 0.056534309783728816
5 0.5489123095414211 0.8573524504520441 0.02430572813036715 0.056534309783728816
5 0.5742475716142871 0.8573524504520441 0.02430572813036715 0.056534309783728816
5 0.9394180029466968 0.09626003405375017 0.02430572813036715 0.056534309783728816
5 0.9401975494720157 0.14990368378997307 0.02430572813036715 0.056534309783728816
5 0.964753265019563 0.09626003405375023 0.02430572813036715 0.056534309783728816
5 0.9655328115448821 0.1499036837899733 0.02430572813036715 0.056534309783728816
5 0.9394823394049867 0.041659470989208476 0.02430572813036715 0.056534309783728816
5 0.9648176014778531 0.041659470989208594 0.02430572813036715 0.056534309783728816
5 0.9401975494720157 0.25921922882026815 0.02430572813036715 0.056534309783728816
5 0.9401975494720157 0.31359767769818137 0.02430572813036715 0.056534309783728816
5 0.9655328115448821 0.2592192288202682 0.02430572813036715 0.056534309783728816
5 0.9655328115448821 0.31359767769818164 0.02430572813036715 0.056534309783728816
5 0.9402618859303056 0.20461866575572643 0.02430572813036715 0.056534309783728816
5 0.9655971480031722 0.20461866575572654 0.02430572813036715 0.056534309783728816
5 0.9401325872615728 0.4217745305667981 0.02430572813036715 0.056534309783728816
5 0.9401325872615728 0.4761529794447112 0.02430572813036715 0.056534309783728816
5 0.9654678493344387 0.42177453056679814 0.02430572813036715 0.056534309783728816
5 0.9654678493344387 0.4761529794447115 0.02430572813036715 0.056534309783728816
5 0.9402618859303061 0.3674495171803903 0.02430572813036715 0.056534309783728816
5 0.9655971480031722 0.3674495171803905 0.02430572813036715 0.056534309783728816
5 0.9401325872615728 0.5854685244750063 0.02430572813036715 0.056534309783728816
5 0.9401325872615728 0.6398469733529195 0.02430572813036715 0.056534309783728816
5 0.9654678493344394 0.5854685244750063 0.02430572813036715 0.056534309783728816
5 0.9654678493344394 0.6398469733529197 0.02430572813036715 0.056534309783728816
5 0.9401969237198629 0.5308679614104647 0.02430572813036715 0.056534309783728816
5 0.9655321857927289 0.5308679614104647 0.02430572813036715 0.056534309783728816
5 0.9401804234642012 0.7485111755051905 0.02430572813036715 0.056534309783728816
5 0.9401804234642012 0.8028896243831031 0.02430572813036715 0.056534309783728816
5 0.965658602400042 0.7485111755051906 0.02430572813036715 0.056534309783728816
5 0.9655156855370667 0.802687554619139 0.02430572813036715 0.056534309783728816
5 0.9402447599224911 0.6947188914965082 0.02430572813036715 0.056534309783728816
5 0.9654371051323817 0.6947188914965085 0.02430572813036715 0.056534309783728816
5 0.9400127028481474 0.9122753093314695 0.02430572813036715 0.056534309783728816
5 0.940012702848147 0.9660475489174878 0.02430572813036715 0.056534309783728816
5 0.9654908817839885 0.9118711698035394 0.02430572813036715 0.056534309783728816
5 0.9654908817839885 0.9664516884454177 0.02430572813036715 0.056534309783728816
5 0.9399341224434622 0.8572706067389977 0.02430572813036715 0.056534309783728816
5 0.965412301379303 0.8572706067389977 0.02430572813036715 0.056534309783728816
5 0.2888222505952703 0.053928666347732614 0.027297925611238595 0.061741275792737416
5 0.2885920815582803 0.10795093869119694 0.027297925611238595 0.061741275792737416
5 0.28859208155828037 0.16229864641022432 0.027297925611238595 0.061741275792737416
5 0.287740753640602 0.21597133731309945 0.027297925611238595 0.061741275792737416
5 0.28751058460361184 0.26997102684328095 0.027297925611238595 0.061741275792737416
5 0.2879015744473099 0.32329569955731025 0.027297925611238595 0.061741275792737416
5 0.2879015744473099 0.3776434072763377 0.027297925611238595 0.061741275792737416
5 0.2876714054103198 0.43264198574649115 0.027297925611238595 0.061741275792737416
5 0.28865747364460975 0.48762635596751985 0.027297925611238595 0.061741275792737416
5 0.28842730460761956 0.5416486283109844 0.027297925611238595 0.061741275792737416
5 0.28786781743927875 0.5963685002838838 0.027297925611238595 0.061741275792737416
5 0.2874074793652985 0.650716208002911 0.027297925611238595 0.061741275792737416
5 0.2876376484022886 0.7047384803463753 0.027297925611238595 0.061741275792737416
5 0.2869471412913183 0.7597370588165288 0.027297925611238595 0.061741275792737416
5 0.2874074793652985 0.8127830250333042 0.027297925611238595 0.061741275792737416
5 0.2871773103283084 0.8690833450057098 0.027297925611238595 0.061741275792737416
5 0.2876770675699623 0.9241735574938125 0.02762028443881153 0.05988010910359822
5 0.3137768173325669 0.05392866634773262 0.027297925611238595 0.061741275792737416
5 0.3135466482955768 0.10795093869119694 0.027297925611238595 0.061741275792737416
5 0.3135466482955768 0.16229864641022432 0.027297925611238595 0.061741275792737416
5 0.3132321981501568 0.21659962525094278 0.027297925611238595 0.061741275792737416
5 0.31343153133097323 0.2698192088387995 0.027297925611238595 0.061741275792737416
5 0.3128561411846065 0.32329569955731025 0.027297925611238595 0.061741275792737416
5 0.3128561411846065 0.3776434072763377 0.027297925611238595 0.061741275792737416
5 0.3126259721476164 0.43264198574649115 0.027297925611238595 0.061741275792737416
5 0.31361204038190627 0.48762635596751985 0.027297925611238595 0.061741275792737416
5 0.3133818713449161 0.5416486283109844 0.027297925611238595 0.061741275792737416
5 0.3128223841765753 0.5963685002838838 0.027297925611238595 0.061741275792737416
5 0.31236204610259505 0.650716208002911 0.027297925611238595 0.061741275792737416
5 0.31259221513958513 0.7047384803463753 0.027297925611238595 0.061741275792737416
5 0.3119017080286149 0.7597370588165288 0.027297925611238595 0.061741275792737416
5 0.31236204610259505 0.8127830250333042 0.027297925611238595 0.061741275792737416
5 0.31213187706560497 0.8690833450057098 0.027297925611238595 0.061741275792737416
5 0.41933861133677425 0.040231995223404315 0.027297925611238595 0.061741275792737416
5 0.4191084422997842 0.09425426756686867 0.027297925611238595 0.061741275792737416
5 0.4191084422997844 0.14860197528589603 0.027297925611238595 0.061741275792737416
5 0.4188782732627942 0.20360055375604955 0.027297925611238595 0.061741275792737416
5 0.41864810422580406 0.2569719553483877 0.027297925611238595 0.061741275792737416
5 0.41841793518881404 0.3133003421693234 0.027297925611238595 0.061741275792737416
5 0.4180101766994748 0.367648049888351 0.027297925611238595 0.061741275792737416
5 0.41778000766248474 0.42322315697787216 0.027297925611238595 0.061741275792737416
5 0.4181276114907042 0.4753248841020615 0.027297925611238595 0.061741275792737416
5 0.4172697087164682 0.529347156445526 0.027297925611238595 0.061741275792737416
5 0.4179811402853472 0.5845528301546742 0.027297925611238595 0.061741275792737416
5 0.41731155763228484 0.6383088371908596 0.027297925611238595 0.061741275792737416
5 0.4177509712483567 0.691739408851482 0.027297925611238595 0.061741275792737416
5 0.4174789532955505 0.7467379873216357 0.027297925611238595 0.061741275792737416
5 0.41793929136953045 0.7997839535384108 0.027297925611238595 0.061741275792737416
5 0.4181276114907042 0.8557884231693954 0.027297925611238595 0.061741275792737416
5 0.41799963499511245 0.9117661866817612 0.02762028443881153 0.05988010910359822
5 0.4442931780740708 0.040231995223404315 0.027297925611238595 0.061741275792737416
5 0.4440630090370808 0.09425426756686867 0.027297925611238595 0.061741275792737416
5 0.44406300903708096 0.14860197528589603 0.027297925611238595 0.061741275792737416
5 0.4438328400000907 0.20360055375604955 0.027297925611238595 0.061741275792737416
5 0.4436026709631005 0.2569719553483877 0.027297925611238595 0.061741275792737416
5 0.4433725019261105 0.36880110712708647 0.027297925611238595 0.061741275792737416
5 0.44314233288912047 0.42264662835850436 0.027297925611238595 0.061741275792737416
5 0.44412840112341034 0.47532488410206164 0.027297925611238595 0.061741275792737416
5 0.44389823208642015 0.5293471564455261 0.027297925611238595 0.061741275792737416
5 0.4448189082343808 0.5833694287889906 0.027297925611238595 0.061741275792737416
5 0.4443585701604005 0.6377171365080178 0.027297925611238595 0.061741275792737416
5 0.44458873919739056 0.691739408851482 0.027297925611238595 0.061741275792737416
5 0.44389823208642026 0.7467379873216357 0.027297925611238595 0.061741275792737416
5 0.4443585701604005 0.799783953538411 0.027297925611238595 0.061741275792737416
5 0.44412840112341034 0.8560842735108166 0.027297925611238595 0.061741275792737416
5 0.4446281583650642 0.9111744859989193 0.02762028443881153 0.05988010910359822
5 0.6807048629537223 0.0411605003301824 0.027297925611238595 0.061741275792737416
5 0.6804746939167323 0.09518277267364673 0.027297925611238595 0.061741275792737416
5 0.6804746939167323 0.14953048039267414 0.027297925611238595 0.061741275792737416
5 0.6802445248797423 0.20452905886282763 0.027297925611238595 0.061741275792737416
5 0.6800143558427522 0.2579004604551658 0.027297925611238595 0.061741275792737416
5 0.6797841868057621 0.31192273279863014 0.027297925611238595 0.061741275792737416
5 0.6797841868057621 0.36627044051765756 0.027297925611238595 0.061741275792737416
5 0.6795540177687721 0.42126901898781105 0.027297925611238595 0.061741275792737416
5 0.6805400860030619 0.47625338920883975 0.027297925611238595 0.061741275792737416
5 0.6803099169660718 0.5302756615523042 0.027297925611238595 0.061741275792737416
5 0.6774641906905581 0.5840020835543475 0.027297925611238595 0.061741275792737416
5 0.6784685646701508 0.6386456416147959 0.027297925611238595 0.061741275792737416
5 0.6793264674443865 0.6938513153239437 0.027297925611238595 0.061741275792737416
5 0.6786359603334163 0.748849893794097 0.027297925611238595 0.061741275792737416
5 0.6790962984073963 0.8018958600108729 0.027297925611238595 0.061741275792737416
5 0.6788661293704067 0.8581961799832781 0.027297925611238595 0.061741275792737416
5 0.6793658866120599 0.9132863924713807 0.02762028443881153 0.05988010910359822
5 0.705659429691019 0.0411605003301824 0.027297925611238595 0.061741275792737416
5 0.7054292606540288 0.09518277267364673 0.027297925611238595 0.061741275792737416
5 0.7054292606540291 0.14953048039267414 0.027297925611238595 0.061741275792737416
5 0.7051990916170388 0.20452905886282763 0.027297925611238595 0.061741275792737416
5 0.7049689225800486 0.2579004604551658 0.027297925611238595 0.061741275792737416
5 0.7047387535430586 0.31192273279863014 0.027297925611238595 0.061741275792737416
5 0.7047387535430586 0.36627044051765756 0.027297925611238595 0.061741275792737416
5 0.7045085845060686 0.42126901898781105 0.027297925611238595 0.061741275792737416
5 0.7054946527403584 0.47625338920883975 0.027297925611238595 0.061741275792737416
5 0.7052644837033683 0.5302756615523042 0.027297925611238595 0.061741275792737416
5 0.7061851598513289 0.5842979338957686 0.027297925611238595 0.061741275792737416
5 0.7057248217773485 0.6386456416147959 0.027297925611238595 0.061741275792737416
5 0.7059549908143388 0.6926679139582602 0.027297925611238595 0.061741275792737416
5 0.7052644837033684 0.7476664924284137 0.027297925611238595 0.061741275792737416
5 0.7057248217773485 0.8007124586451891 0.027297925611238595 0.061741275792737416
5 0.7054946527403584 0.8570127786175945 0.027297925611238595 0.061741275792737416
5 0.7059944099820121 0.9121029911056974 0.02762028443881153 0.05988010910359822
5 0.8100745905128649 0.04208900543696048 0.027297925611238595 0.061741275792737416
5 0.8098444214758749 0.09611127778042483 0.027297925611238595 0.061741275792737416
5 0.8098444214758749 0.15045898549945222 0.027297925611238595 0.061741275792737416
5 0.809614252438885 0.20545756396960574 0.027297925611238595 0.061741275792737416
5 0.8093840834018948 0.2588289655619439 0.027297925611238595 0.061741275792737416
5 0.8089237453279148 0.4221975240945892 0.027297925611238595 0.061741275792737416
5 0.8099098135622045 0.4771818943156178 0.027297925611238595 0.061741275792737416
5 0.8096796445252142 0.5312041666590822 0.027297925611238595 0.061741275792737416
5 0.8106003206731751 0.5852264390025466 0.027297925611238595 0.061741275792737416
5 0.8101399825991943 0.639574146721574 0.027297925611238595 0.061741275792737416
5 0.8103701516361846 0.6935964190650382 0.027297925611238595 0.061741275792737416
5 0.8096796445252146 0.7485949975351918 0.027297925611238595 0.061741275792737416
5 0.8104095708038583 0.9130314962124754 0.02762028443881153 0.05988010910359822
5 0.8350291572501615 0.04208900543696049 0.027297925611238595 0.061741275792737416
5 0.8347989882131714 0.09611127778042483 0.027297925611238595 0.061741275792737416
5 0.8347989882131718 0.15045898549945222 0.027297925611238595 0.061741275792737416
5 0.8345688191761815 0.20545756396960574 0.027297925611238595 0.061741275792737416
5 0.8343386501391912 0.2588289655619439 0.027297925611238595 0.061741275792737416
5 0.8341084811022011 0.31285123790540825 0.027297925611238595 0.061741275792737416
5 0.8341084811022011 0.3671989456244356 0.027297925611238595 0.061741275792737416
5 0.8338783120652111 0.4221975240945892 0.027297925611238595 0.061741275792737416
5 0.8348643802995009 0.4771818943156178 0.027297925611238595 0.061741275792737416
5 0.8346342112625106 0.5312041666590822 0.027297925611238595 0.061741275792737416
5 0.8355548874104716 0.5852264390025466 0.027297925611238595 0.061741275792737416
5 0.8350945493364912 0.639574146721574 0.027297925611238595 0.061741275792737416
5 0.8353247183734812 0.6935964190650382 0.027297925611238595 0.061741275792737416
5 0.8346342112625109 0.7485949975351918 0.027297925611238595 0.061741275792737416
5 0.8350945493364912 0.8016409637519674 0.027297925611238595 0.061741275792737416
5 0.8348643802995009 0.8579412837243727 0.027297925611238595 0.061741275792737416
5 0.8353641375411549 0.9130314962124754 0.02762028443881153 0.05988010910359822
2 0.16962753156511318 0.6016187240168283 0.061979290379560584 0.05188757574310493
5 0.31257717248070904 0.9253569588594955 0.02762028443881153 0.05988010910359822
5 0.15729545231251282 0.651764441856307 0.027297925611238595 0.061741275792737416
5 0.15752562134950307 0.7057867141997716 0.027297925611238595 0.061741275792737416
5 0.1576997612595323 0.7605407882555274 0.027297925611238595 0.061741275792737416
5 0.15798716992931255 0.813586754472303 0.027297925611238595 0.061741275792737416
5 0.15706528327552277 0.8691535612015161 0.027297925611238595 0.061741275792737416
5 0.1567003934961771 0.9230212516176313 0.02762028443881153 0.05988010910359822
5 0.1822500190498094 0.651764441856307 0.027297925611238595 0.061741275792737416
5 0.18248018808679953 0.7057867141997716 0.027297925611238595 0.061741275792737416
5 0.18300018680522875 0.7615188059131173 0.027297925611238595 0.061741275792737416
5 0.1822500190498094 0.8138312588867004 0.027297925611238595 0.061741275792737416
5 0.18357621465061866 0.8696425700303111 0.027297925611238595 0.061741275792737416
5 0.18402151006572276 0.9237156441545192 0.02762028443881153 0.05988010910359822
1 0.14061551504862815 0.3812381974862695 0.10361143214109444 0.06766716405520257
5 0.1800216443292364 0.25209466400059666 0.027297925611238595 0.061741275792737416
5 0.17979147529224634 0.1970960855304432 0.027297925611238595 0.061741275792737416
5 0.18002164432923642 0.14307381318697887 0.027297925611238595 0.061741275792737416
5 0.17979147529224634 0.08807523471682538 0.027297925611238595 0.061741275792737416
5 0.18025181336622656 0.03437839774892407 0.027297925611238595 0.061741275792737416
5 0.41799963499511245 0.9674764930884464 0.02762028443881153 0.05988010910359822
5 0.4446281583650642 0.9668847924056047 0.02762028443881153 0.05988010910359822
5 0.6787091874873942 0.9680681937712877 0.02762028443881153 0.05988010910359822
5 0.7053377108573464 0.9668847924056045 0.02762028443881153 0.05988010910359822
5 0.8104095708038583 0.9659562872988263 0.02762028443881153 0.05988010910359822
5 0.835364137541155 0.9659562872988263 0.02762028443881153 0.05988010910359822
5 0.8809618757390345 0.9182915506035283 0.007223690371322533 0.025998142989786432
