0 0.287749 0.617573 0.024217 0.056898
0 0.287749 0.672457 0.024217 0.056898
0 0.288105 0.727341 0.024217 0.056898
0 0.180199 0.536002 0.025641 0.057905
0 0.179843 0.590383 0.025641 0.057905
0 0.180199 0.644763 0.025641 0.057905
0 0.286325 0.455942 0.025641 0.057905
0 0.287037 0.509315 0.025641 0.057905
0 0.418447 0.497231 0.025641 0.057905
0 0.418091 0.552115 0.025641 0.057905
0 0.443732 0.552618 0.025641 0.057905
0 0.443732 0.497231 0.025641 0.057905
0 0.179843 0.370342 0.025641 0.057905
0 0.180199 0.314451 0.025641 0.057905
0 0.179487 0.259063 0.025641 0.057905
0 0.418803 0.876888 0.025641 0.057905
0 0.703348 0.931772 0.025641 0.057905
0 0.704772 0.877895 0.025641 0.057905
2 0.300392 0.397784 0.060897 0.040282
2 0.430734 0.397784 0.060897 0.040282
2 0.561788 0.396777 0.060897 0.040282
2 0.692842 0.396274 0.060897 0.040282
2 0.821759 0.451158 0.060897 0.040282
2 0.951745 0.451662 0.060897 0.040282
